<?xml version="1.0"?>
<opencv_storage>
<Distortion type_id="opencv-matrix">
  <rows>5</rows>
  <cols>1</cols>
  <dt>f</dt>
  <data>
    1.28884494e-01 -1.99160263e-01 2.61924416e-03 -5.54078910e-03
    5.11777811e-02</data></Distortion>
</opencv_storage>
