<?xml version="1.0"?>
<opencv_storage>
<H type_id="opencv-matrix">
  <rows>3</rows>
  <cols>3</cols>
  <dt>f</dt>
  <data>
    -6.30311203e+00 -1.87739906e+01 3.81114716e+02 3.53278470e+00
    -2.20483947e+00 2.62430756e+02 -1.96613707e-02 -8.08556005e-03
    -8.50000000e+00</data></H>
</opencv_storage>
